3.000000000000000000e+00 2.000000000000000000e+00
3.060817247957585252e+00 2.000000000000000000e+00
3.117447934878782245e+00 2.000000000000000000e+00
3.169668565314413655e+00 2.000000000000000000e+00
3.217273048293485704e+00 2.000000000000000000e+00
3.260073510670101093e+00 2.000000000000000000e+00
3.297901038572929266e+00 2.000000000000000000e+00
3.330606344031092458e+00 2.000000000000000000e+00
3.358060354145578685e+00 2.000000000000000000e+00
3.380154720481011843e+00 2.000000000000000000e+00
3.396802246667420810e+00 2.000000000000000000e+00
3.407937232524478777e+00 2.000000000000000000e+00
3.413515733350100501e+00 2.000000000000000000e+00
3.413515733350100056e+00 2.000000000000000000e+00
3.407937232524479221e+00 2.000000000000000000e+00
3.396802246667420810e+00 2.000000000000000000e+00
3.380154720481011843e+00 2.000000000000000000e+00
3.358060354145578685e+00 2.000000000000000000e+00
3.330606344031092458e+00 2.000000000000000000e+00
3.297901038572929266e+00 2.000000000000000000e+00
3.260073510670101093e+00 2.000000000000000000e+00
3.217273048293486148e+00 2.000000000000000000e+00
3.169668565314413655e+00 2.000000000000000000e+00
3.117447934878782245e+00 2.000000000000000000e+00
3.060817247957585252e+00 2.000000000000000000e+00
3.000000000000000000e+00 2.000000000000000000e+00
2.935236208898958310e+00 2.000000000000000000e+00
2.866781467750173285e+00 2.000000000000000000e+00
2.794905936142964009e+00 2.000000000000000000e+00
2.719893273963776448e+00 2.000000000000000000e+00
2.642039521920206191e+00 2.000000000000000000e+00
2.561651933203573428e+00 2.000000000000000000e+00
2.479047760900946695e+00 2.000000000000000000e+00
2.394553005942148260e+00 2.000000000000000000e+00
2.308501130523018308e+00 2.000000000000000000e+00
2.221231742082474536e+00 2.000000000000000000e+00
2.133089253027099730e+00 2.000000000000000000e+00
2.044421521492722604e+00 2.000000000000000000e+00
1.955578478507277396e+00 2.000000000000000000e+00
1.866910746972900714e+00 2.000000000000000000e+00
1.778768257917525908e+00 2.000000000000000000e+00
1.691498869476981692e+00 2.000000000000000000e+00
1.605446994057852184e+00 2.000000000000000000e+00
1.520952239099053527e+00 2.000000000000000000e+00
1.438348066796426794e+00 2.000000000000000000e+00
1.357960478079793809e+00 2.000000000000000000e+00
1.280106726036223774e+00 2.000000000000000000e+00
1.205094063857035769e+00 2.000000000000000000e+00
1.133218532249826715e+00 2.000000000000000000e+00
1.064763791101042134e+00 2.000000000000000000e+00
1.000000000000000222e+00 2.000000000000000000e+00
9.391827520424150810e-01 2.000000000000000000e+00
8.825520651212177548e-01 2.000000000000000000e+00
8.303314346855865669e-01 2.000000000000000000e+00
7.827269517065138515e-01 2.000000000000000000e+00
7.399264893298989065e-01 2.000000000000000000e+00
7.020989614270702894e-01 2.000000000000000000e+00
6.693936559689077637e-01 2.000000000000000000e+00
6.419396458544213147e-01 2.000000000000000000e+00
6.198452795189882680e-01 2.000000000000000000e+00
6.031977533325795227e-01 2.000000000000000000e+00
5.920627674755211123e-01 2.000000000000000000e+00
5.864842666498997215e-01 2.000000000000000000e+00
5.864842666498997215e-01 2.000000000000000000e+00
5.920627674755208902e-01 2.000000000000000000e+00
6.031977533325793006e-01 2.000000000000000000e+00
6.198452795189883791e-01 2.000000000000000000e+00
6.419396458544212036e-01 2.000000000000000000e+00
6.693936559689079857e-01 2.000000000000000000e+00
7.020989614270708445e-01 2.000000000000000000e+00
7.399264893298990176e-01 2.000000000000000000e+00
7.827269517065137405e-01 2.000000000000000000e+00
8.303314346855866779e-01 2.000000000000000000e+00
8.825520651212175327e-01 2.000000000000000000e+00
9.391827520424151921e-01 2.000000000000000000e+00
9.999999999999997780e-01 2.000000000000000000e+00
1.064763791101041468e+00 2.000000000000000000e+00
1.133218532249826271e+00 2.000000000000000000e+00
1.205094063857035547e+00 2.000000000000000000e+00
1.280106726036223996e+00 2.000000000000000000e+00
1.357960478079793809e+00 2.000000000000000000e+00
1.438348066796427016e+00 2.000000000000000000e+00
1.520952239099053305e+00 2.000000000000000000e+00
1.605446994057852184e+00 2.000000000000000000e+00
1.691498869476980582e+00 2.000000000000000000e+00
1.778768257917525464e+00 2.000000000000000000e+00
1.866910746972899826e+00 2.000000000000000000e+00
1.955578478507277174e+00 2.000000000000000000e+00
2.044421521492722604e+00 2.000000000000000000e+00
2.133089253027099730e+00 2.000000000000000000e+00
2.221231742082474092e+00 2.000000000000000000e+00
2.308501130523018752e+00 2.000000000000000000e+00
2.394553005942148260e+00 2.000000000000000000e+00
2.479047760900948028e+00 2.000000000000000000e+00
2.561651933203573428e+00 2.000000000000000000e+00
2.642039521920206191e+00 2.000000000000000000e+00
2.719893273963775560e+00 2.000000000000000000e+00
2.794905936142964009e+00 2.000000000000000000e+00
2.866781467750172840e+00 2.000000000000000000e+00
2.935236208898958310e+00 2.000000000000000000e+00
